06:59:52:874
-0.45010993 2.7581203 8.226477 
06:59:52:913
0.7565677 2.6623523 8.1402855 
06:59:52:963
0.7661445 1.982399 10.0748005 
06:59:53:13
0.25857377 2.3654714 9.289502 
06:59:53:63
0.90021986 1.9919758 9.854534 
06:59:53:113
0.4213795 1.685518 9.739613 
06:59:53:163
1.6280571 2.078167 8.810662 
06:59:53:213
0.9768343 2.528277 8.695741 
06:59:53:263
0.7661445 3.0550013 10.132261 
06:59:53:313
0.2873042 2.432509 11.60709 
06:59:53:363
-0.60333884 3.6296098 8.236053 
06:59:53:413
-0.45968673 2.2409728 10.247183 
06:59:53:463
-2.087744 3.074155 10.726024 
06:59:53:513
1.3982137 -1.3790601 10.726024 
06:59:53:563
-1.5131354 2.3080103 7.603985 
06:59:53:613
1.4460979 1.9440918 11.21444 
06:59:53:663
0.8619126 1.8674773 7.690176 
06:59:53:713
-10.314221 7.326257 1.6472107 
06:59:53:763
1.2545617 3.083732 8.226477 
06:59:53:813
1.1109096 2.4899697 8.226477 
06:59:53:863
2.767697 2.0207062 7.690176 
06:59:53:913
4.232949 1.3694834 3.8115692 
06:59:53:963
4.31914 -1.2066777 5.506664 
06:59:54:13
4.9320555 -3.3518825 3.3997664 
06:59:54:63
7.3645644 -5.1906295 3.064578 
06:59:54:113
10.716447 -5.9280434 4.357447 
06:59:54:163
16.203957 -4.5872903 7.019799 
06:59:54:213
15.456966 -2.9592333 8.513782 
06:59:54:263
13.742718 -1.1300632 5.3438582 
06:59:54:313
12.200851 -0.81402856 4.012682 
06:59:54:363
12.612655 -1.3120226 3.2465374 
06:59:54:413
13.158532 -1.6663644 3.5913026 
06:59:54:463
11.013328 -4.3766007 2.5474305 
06:59:54:513
10.630256 -5.391742 3.2752678 
06:59:54:563
15.255854 -4.0797195 2.4229321 
06:59:54:613
15.332468 -3.2465374 0.92895025 
06:59:54:663
10.1226845 -1.8387469 -1.8483237 
06:59:54:713
7.7572136 -2.1068976 3.8498764 
06:59:54:763
3.4763808 -1.4173675 1.7238252 
06:59:54:838
6.0142345 -1.6663644 2.1930888 
06:59:54:863
9.959879 -2.1930888 2.4133554 
06:59:54:913
12.287044 -1.043872 -2.930503 
06:59:54:963
10.28549 -0.61291564 6.435614 
06:59:55:13
11.386824 -2.1643584 0.5554548 
06:59:55:63
3.466804 -4.4340615 -1.5897499 
06:59:55:113
2.0111294 -3.4572272 -2.8443117 
06:59:55:176
9.442732 -4.4723687 -0.038307227 
06:59:55:213
13.148955 -4.6351743 -0.7278373 
06:59:55:263
14.834474 -8.0924015 4.663905 
06:59:55:313
4.1659107 -8.561666 0.8619126 
06:59:55:363
-0.5363012 -3.4284968 -0.9576807 
06:59:55:413
0.5554548 -8.178593 0.9768343 
06:59:55:463
-0.81402856 -20.12087 -10.515334 
06:59:55:513
-1.0151415 -6.3781533 1.9536686 
06:59:55:563
7.2783732 -7.029376 -9.030929 
06:59:55:613
3.9839516 -7.240066 -0.61291564 
06:59:55:662
1.5897499 -5.583278 -0.8331822 
06:59:55:713
2.3080103 -7.3071036 -2.920926 
06:59:55:763
14.796166 -14.269443 -15.045163 
06:59:55:813
10.093954 -9.490616 5.6120086 
06:59:55:863
6.349423 -14.355634 -8.504205 
06:59:55:913
0.6991069 -15.332468 1.0630256 
06:59:55:963
1.7429788 -6.9240313 0.40222588 
06:59:56:12
3.0358477 -8.446744 0.90979666 
06:59:56:74
3.3327289 -9.998186 1.0342951 
06:59:56:114
1.6950948 -6.090849 0.7661445 
06:59:56:163
4.0318356 -8.963891 0.89064306 
06:59:56:213
6.1770406 -10.457873 -0.047884032 
06:59:56:263
6.799533 -8.159439 -0.842759 
06:59:56:313
6.7612257 -9.80665 0.038307227 
06:59:56:363
8.456321 -8.820239 0.2873042 
06:59:56:413
10.582372 -12.50731 -4.0797195 
06:59:56:463
5.5162406 -14.077906 -4.8841715 
06:59:56:513
5.3438582 -16.19438 1.0151415 
06:59:56:563
0.20111294 -8.532935 -2.327164 
06:59:56:613
2.0685902 -5.7269306 0.59376204 
06:59:56:663
3.169923 -4.3861775 2.8060043 
06:59:56:713
4.223372 -9.442732 -6.5122285 
06:59:56:763
1.091756 -6.6079965 -0.8619126 
06:59:56:813
4.309563 -7.469909 -3.3423057 
06:59:56:863
16.041151 -14.164097 -11.932701 
06:59:56:913
10.237606 -7.326257 4.453215 
06:59:56:963
-4.5298295 -15.964537 -19.412188 
06:59:57:13
4.309563 -11.971008 3.323152 
06:59:57:63
3.6774938 -7.52737 1.8866309 
06:59:57:113
4.663905 -9.768343 1.2066777 
06:59:57:163
2.480393 -7.3549876 0.2681506 
06:59:57:213
3.016694 -7.9008656 0.23942018 
06:59:57:263
7.747637 -11.109096 0.02873042 
06:59:57:313
8.571242 -7.192182 -4.4819455 
06:59:57:363
8.331821 -9.385271 -0.8810662 
06:59:57:413
8.446744 -8.935161 0.7757214 
06:59:57:463
10.0748005 -13.819332 -4.7979803 
06:59:57:513
7.1634517 -12.430696 -1.1779473 
06:59:57:563
6.885724 -16.4338 1.8770541 
06:59:57:613
4.0797195 -11.18571 -4.060566 
06:59:57:663
3.6104562 -4.414908 1.6184803 
06:59:57:713
4.606444 -3.5817258 -0.545878 
06:59:57:763
-0.038307227 -6.445191 0.8523358 
06:59:57:813
-0.16280572 -9.519346 -2.030283 
06:59:57:863
6.5505357 -9.624691 -4.9703627 
06:59:57:913
15.95496 -12.842498 -12.861651 
06:59:57:975
7.2687964 -4.654328 5.00867 
06:59:58:14
6.6367273 -16.203957 -12.076353 
06:59:58:63
3.323152 -10.352529 3.2273839 
06:59:58:114
2.5378537 -6.9144545 1.9919758 
06:59:58:163
4.6255975 -10.266336 0.31603462 
06:59:58:214
3.5434184 -7.881712 1.2354081 
06:59:58:263
3.0454245 -7.6135616 0.7757214 
06:59:58:314
4.721366 -9.461885 0.49799395 
06:59:58:363
8.073248 -8.628703 -4.012682 
06:59:58:413
8.283937 -8.810662 1.4556746 
06:59:58:475
9.77792 -9.576807 -0.02873042 
06:59:58:513
10.390836 -7.929596 -1.0342951 
06:59:58:563
7.795521 -11.769896 -0.45968673 
06:59:58:613
4.9895163 -14.853627 2.5761611 
06:59:58:663
6.5505357 -14.039598 -7.153875 
06:59:58:713
1.4077905 -6.493075 0.5650316 
06:59:58:763
2.1164744 -2.384625 1.5705963 
06:59:58:813
2.432509 -4.9320555 -0.9576807 
06:59:58:863
0.78529817 -9.816227 -0.93852705 
06:59:58:913
1.1587936 -7.651869 -2.2026656 
06:59:58:975
17.736246 -15.08347 -19.412188 
06:59:59:13
12.421119 -10.821792 1.2354081 
06:59:59:63
4.2521024 -10.524911 -0.7757214 
06:59:59:113
1.4556746 -15.581465 1.7717092 
06:59:59:163
2.5570073 -6.9048777 2.777274 
06:59:59:213
3.9935284 -8.66701 1.5131354 
06:59:59:263
3.514688 -7.7093296 0.46926352 
06:59:59:313
2.183512 -6.3685765 -0.076614454 
06:59:59:363
4.2904096 -9.069236 0.02873042 
06:59:59:413
7.776367 -11.118672 0.21068975 
06:59:59:475
8.159439 -7.086837 -1.6759412 
06:59:59:513
10.036493 -9.80665 0.842759 
06:59:59:563
9.548077 -8.303091 0.5650316 
06:59:59:613
9.730036 -12.785037 -4.9416323 
06:59:59:662
4.8841715 -17.06587 4.213795 
06:59:59:713
5.161899 -15.437813 -0.37349546 
06:59:59:764
2.2984335 -6.2249246 1.3215994 
06:59:59:813
2.96881 -3.3423057 1.1971009 
06:59:59:864
1.5897499 -4.817134 -0.29688102 
06:59:59:913
0.10534488 -8.073248 0.49799395 
06:59:59:975
2.1547816 -8.561666 -1.1971009 
07:00:00:13
8.820239 -10.141838 -8.274361 
07:00:00:63
9.873688 -8.916007 6.157887 
07:00:00:113
5.094861 -9.797073 -0.11492168 
07:00:00:163
4.3478703 -14.642938 4.5681367 
07:00:00:213
2.6527755 -6.6750345 2.0685902 
07:00:00:263
4.8937483 -9.509769 1.283292 
07:00:00:313
4.951209 -8.063671 0.89064306 
07:00:00:363
2.1547816 -5.765238 -0.47884035 
07:00:00:413
3.8307228 -8.7532015 -0.05746084 
07:00:00:476
9.921572 -11.070788 -6.8761473 
07:00:00:513
7.4028716 -7.642292 1.4269443 
07:00:00:563
9.720459 -10.927136 -1.934515 
07:00:00:613
7.795521 -7.881712 0.5363012 
07:00:00:663
8.437167 -12.449849 -5.45878 
07:00:00:713
5.707777 -14.84405 -0.32561144 
07:00:00:763
7.383718 -15.131354 -5.2768207 
07:00:00:813
0.5650316 -7.7572136 -0.038307227 
07:00:00:863
3.1794999 -3.6774938 1.0726024 
07:00:00:913
3.5434184 -4.5298295 -0.095768064 
07:00:00:974
1.5801731 -8.264784 -0.8619126 
07:00:01:13
0.40222588 -7.9391727 -0.5267244 
07:00:01:64
8.781932 -10.084377 -4.6255975 
07:00:01:115
16.443377 -13.953407 -9.097966 
07:00:01:163
5.1523223 -7.7572136 0.60333884 
07:00:01:213
-1.9249382 -17.822437 -9.251195 
07:00:01:263
3.217807 -7.422025 1.9440918 
07:00:01:313
3.9839516 -9.481039 1.1779473 
07:00:01:363
4.865018 -9.241618 0.641646 
07:00:01:413
2.930503 -5.803545 0.25857377 
07:00:01:474
4.453215 -8.0924015 0.41180268 
07:00:01:513
5.90889 -10.228029 -0.019153614 
07:00:01:563
6.196194 -7.7093296 0.4309563 
07:00:01:613
9.835381 -9.634268 1.2258313 
07:00:01:663
10.084377 -7.297527 -2.078167 
07:00:01:712
9.500193 -11.779472 -4.3382936 
07:00:01:763
5.6215854 -14.269443 1.091756 
07:00:01:813
7.776367 -19.13446 -0.11492168 
07:00:01:863
0.6991069 -7.7572136 0.9576807 
07:00:01:913
2.6719291 -3.2369606 1.1204864 
07:00:01:974
2.4133554 -3.7349546 1.541866 
07:00:02:13
1.1683705 -8.1881695 -0.5746084 
07:00:02:63
0.38307226 -8.121132 0.22984336 
07:00:02:113
7.201759 -9.576807 -4.7405195 
07:00:02:163
14.84405 -12.74673 -3.4955344 
07:00:02:212
7.1634517 -5.6407394 3.4380736 
07:00:02:263
-3.5913026 -17.535133 -10.802638 
07:00:02:313
3.3806129 -10.132261 2.7581203 
07:00:02:363
3.0262709 -7.642292 1.091756 
07:00:02:413
4.156334 -9.787497 0.35434186 
07:00:02:469
2.1068976 -6.4164605 0.45010993 
07:00:02:513
2.2409728 -5.544971 0.12449849 
07:00:02:563
6.5696893 -10.898406 1.0247183 
07:00:02:613
11.722012 -9.720459 -10.055647 
07:00:02:663
8.532935 -8.341399 0.9959879 
07:00:02:713
10.151415 -9.423578 0.0 
07:00:02:763
8.944737 -9.576807 -7.872135 
07:00:02:813
8.054094 -12.325351 2.135628 
07:00:02:863
7.785944 -18.243816 2.1452048 
07:00:02:913
3.9743748 -13.9917145 -7.3645644 
07:00:02:963
2.930503 -3.3327289 1.3215994 
07:00:03:13
2.1068976 -2.2697031 1.3599066 
07:00:03:63
1.6280571 -6.1770406 -1.2545617 
07:00:03:113
1.283292 -9.624691 1.2545617 
07:00:03:163
4.367024 -8.599973 -3.572149 
07:00:03:213
20.532673 -13.828909 -19.412188 
07:00:03:263
7.680599 -6.1387334 5.899313 
07:00:03:313
2.7964275 -10.716447 0.7757214 
07:00:03:363
3.2752678 -12.708423 2.231396 
07:00:03:413
3.217807 -7.776367 2.3463178 
07:00:03:463
4.414908 -9.002198 0.22026655 
07:00:03:513
3.9935284 -8.207323 0.61291564 
07:00:03:564
2.719813 -6.0525417 -0.019153614 
07:00:03:613
5.1140146 -9.14585 -0.076614454 
07:00:03:664
8.197746 -9.634268 -0.2873042 
07:00:03:713
9.337387 -7.517793 -1.5801731 
07:00:03:764
9.662998 -9.270349 1.0055647 
07:00:03:813
8.255207 -7.8050976 0.25857377 
07:00:03:864
7.9966335 -13.781025 -3.0550013 
07:00:03:913
3.964798 -16.634912 5.0661306 
07:00:03:964
2.135628 -11.089942 -4.855441 
07:00:04:13
1.5131354 -4.8745947 1.3311762 
07:00:04:64
2.7102363 -3.5242648 0.8619126 
07:00:04:113
1.7525556 -6.3589997 -0.6703765 
07:00:04:164
-0.16280572 -9.3661175 -0.34476504 
07:00:04:213
1.7908629 -8.0924015 -1.2066777 
07:00:04:264
19.64203 -13.417107 -19.412188 
07:00:04:313
12.440272 -8.896853 4.7022123 
07:00:04:363
3.7445314 -12.430696 -1.340753 
07:00:04:413
2.9017725 -13.876793 2.815581 
07:00:04:463
3.7541082 -7.9870567 2.7964275 
07:00:04:513
4.060566 -9.9790325 1.484405 
07:00:04:563
3.5338416 -6.9623384 0.5267244 
07:00:04:613
2.4995465 -5.142745 0.21068975 
07:00:04:663
4.8937483 -9.605537 0.31603462 
07:00:04:713
8.207323 -11.080365 -0.9672575 
07:00:04:764
8.169016 -7.967903 1.8004397 
07:00:04:813
9.730036 -9.988609 -0.17238252 
07:00:04:863
8.494628 -8.90643 -1.5705963 
07:00:04:913
6.742072 -12.871228 -1.9728222 
07:00:04:963
7.4986396 -17.745823 1.7238252 
07:00:05:13
2.633622 -11.63582 -3.5338416 
07:00:05:63
3.5529952 -4.0414124 1.2545617 
07:00:05:113
2.9879637 -3.2561142 1.043872 
07:00:05:163
-0.17238252 -6.847417 -0.06703765 
07:00:05:213
0.19153613 -9.174581 -0.22984336 
07:00:05:263
5.4779334 -9.787497 -3.0071173 
07:00:05:313
18.617311 -14.987702 -19.412188 
07:00:05:363
5.947197 -5.995081 3.4380736 
07:00:05:413
-2.2218192 -16.51999 -18.138472 
07:00:05:463
3.8307228 -9.356541 3.1507695 
07:00:05:513
3.572149 -7.747637 1.6376339 
07:00:05:563
5.0661306 -8.839393 0.22984336 
07:00:05:613
3.371036 -6.6271505 0.5267244 
07:00:05:663
3.016694 -7.07726 -0.36391866 
07:00:05:713
5.0182467 -9.988609 -0.8714894 
07:00:05:763
12.095507 -8.360553 -15.466543 
07:00:05:813
7.422025 -7.2783732 0.7757214 
07:00:05:864
8.42759 -8.590396 1.3120226 
07:00:05:913
7.97748 -8.772355 -0.1436521 
07:00:05:964
7.9391727 -12.11466 0.50757074 
07:00:06:13
5.2768207 -15.112201 3.2752678 
07:00:06:63
5.2385135 -13.512875 -7.441179 
07:00:06:113
2.6048915 -5.5641246 1.982399 
07:00:06:163
3.1411927 -2.384625 2.2122424 
07:00:06:213
0.61291564 -4.8458643 -1.0534488 
07:00:06:263
1.7429788 -10.01734 -0.05746084 
07:00:06:313
2.0207062 -7.776367 -2.0015526 
07:00:06:363
-18.598158 -16.85518 -19.412188 
07:00:06:413
10.505757 -9.078813 3.6870706 
07:00:06:463
4.55856 -11.951855 0.59376204 
07:00:06:513
1.043872 -13.158532 1.685518 
07:00:06:563
3.2848446 -9.069236 2.2888567 
07:00:06:613
3.8115692 -9.414001 0.08619126 
07:00:06:663
3.3901896 -6.981492 0.81402856 
07:00:06:714
2.3080103 -4.7405195 0.22026655 
07:00:06:763
5.9184666 -9.557653 0.78529817 
07:00:06:814
8.494628 -10.716447 0.4309563 
07:00:06:863
8.887277 -7.1347213 0.23942018 
07:00:06:914
8.2169 -9.605537 0.5363012 
07:00:06:963
8.858546 -9.222465 1.7717092 
07:00:07:14
9.701305 -12.124237 -0.6703765 
07:00:07:63
3.265691 -16.270994 2.6431987 
07:00:07:114
4.807557 -15.993267 1.2737153 
07:00:07:163
1.043872 -6.8569937 1.5227122 
07:00:07:213
3.514688 -4.098873 1.1875241 
07:00:07:263
2.3175871 -4.4915223 -0.48841715 
07:00:07:313
2.2505496 -8.063671 0.08619126 
07:00:07:363
0.61291564 -7.1826053 -0.7086837 
07:00:07:413
6.1004257 -9.14585 -4.4915223 
07:00:07:476
13.455414 -10.97502 -0.641646 
07:00:07:513
6.3781533 -9.174581 2.0590134 
07:00:07:563
-0.08619126 -14.259866 1.9728222 
07:00:07:613
3.620033 -8.034941 2.9975405 
07:00:07:663
4.654328 -9.892841 1.3503298 
07:00:07:713
5.2863975 -9.069236 0.6991069 
07:00:07:763
3.074155 -5.046977 0.4213795 
07:00:07:813
3.86903 -7.728483 -0.10534488 
07:00:07:863
7.2783732 -11.415554 -0.7757214 
07:00:07:913
9.634268 -9.021352 0.2681506 
07:00:07:963
7.6710224 -8.178593 1.3215994 
07:00:08:13
8.762778 -9.969456 -0.34476504 
07:00:08:63
8.896853 -13.311762 -9.299079 
07:00:08:113
6.8282633 -11.789049 -0.15322891 
07:00:08:163
6.4547677 -15.102624 2.7868507 
07:00:08:213
5.985504 -12.4785795 -8.42759 
07:00:08:263
4.3861775 -4.654328 1.0821792 
07:00:08:313
3.6774938 -3.323152 0.4309563 
07:00:08:363
1.5897499 -6.5505357 -0.6799533 
07:00:08:413
0.9959879 -8.983045 0.59376204 
07:00:08:463
3.5625722 -7.7667904 -3.5529952 
07:00:08:514
20.60929 -15.638926 -19.412188 
07:00:08:563
7.690176 -5.4683566 4.0222588 
07:00:08:614
4.8458643 -12.717999 -0.48841715 
07:00:08:663
4.012682 -11.760319 2.9400797 
07:00:08:714
3.2273839 -7.2783732 1.541866 
07:00:08:763
5.2480903 -9.710882 0.8523358 
07:00:08:814
4.3478703 -8.0445175 0.45010993 
07:00:08:863
3.0071173 -6.4547677 -0.019153614 
07:00:08:914
4.5872903 -8.810662 0.39264908 
07:00:08:963
9.260772 -10.0748005 -7.7093296 
07:00:09:14
7.1730285 -7.240066 -0.62249243 
07:00:09:63
10.007763 -10.228029 0.095768064 
07:00:09:114
8.360553 -8.389283 1.4077905 
07:00:09:163
7.479486 -12.899959 -5.5641246 
07:00:09:213
4.462792 -14.863204 -2.384625 
07:00:09:263
5.861006 -15.2367 0.7182605 
07:00:09:313
0.58418524 -7.8050976 -0.2681506 
07:00:09:363
3.6870706 -3.1986535 1.4748282 
07:00:09:413
2.0973208 -4.501099 -0.6895301 
07:00:09:463
2.0973208 -10.390836 -0.22984336 
07:00:09:513
1.8387469 -6.885724 -0.019153614 
07:00:09:563
8.475474 -9.624691 -2.6910827 
07:00:09:613
17.085024 -13.742718 -6.1387334 
07:00:09:663
4.9224787 -9.059659 0.4405331 
07:00:09:713
-6.1866174 -16.539145 -11.616667 
07:00:09:763
2.9496565 -7.3549876 2.8443117 
07:00:09:813
3.3997664 -7.9583263 1.8100165 
07:00:09:863
4.4723687 -8.379706 0.5650316 
07:00:09:913
2.528277 -5.7269306 0.2777274 
07:00:09:963
3.4763808 -8.418014 0.40222588 
07:00:10:13
5.985504 -11.415554 0.35434186 
07:00:10:63
9.662998 -7.575254 -3.122039 
07:00:10:113
8.829816 -8.24563 1.5705963 
07:00:10:175
8.868123 -7.795521 1.043872 
07:00:10:215
10.342952 -12.29662 -4.2999864 
07:00:10:262
3.8307228 -12.832921 -3.6296098 
07:00:10:313
6.799533 -15.064317 2.9017725 
07:00:10:363
1.541866 -9.959879 -0.6512229 
07:00:10:413
2.5474305 -5.6407394 1.0534488 
07:00:10:463
4.2904096 -3.0454245 0.18195933 
07:00:10:513
1.6280571 -6.0046577 -0.545878 
07:00:10:563
0.6512229 -8.992621 -0.4309563 
07:00:10:612
2.1547816 -7.728483 -3.6774938 
07:00:10:663
17.458519 -14.422671 -15.160085 
07:00:10:713
10.218452 -5.410896 7.536947 
07:00:10:763
-3.2752678 -18.08101 -19.412188 
07:00:10:813
3.5913026 -12.919112 6.5122285 
07:00:10:863
3.4572272 -8.820239 1.8483237 
07:00:10:913
4.759673 -9.672575 0.51714754 
07:00:10:963
3.217807 -6.5218053 0.2777274 
07:00:11:13
2.528277 -5.8322754 -0.39264908 
07:00:11:63
5.861006 -9.758766 0.32561144 
07:00:11:113
10.563218 -10.668563 -9.270349 
07:00:11:163
8.552089 -7.795521 1.3024458 
07:00:11:212
10.448297 -10.189722 -0.05746084 
07:00:11:263
8.504205 -9.471462 -1.1875241 
07:00:11:314
7.1730285 -12.210428 -2.078167 
07:00:11:363
5.9759274 -15.648502 3.7445314 
07:00:11:413
7.2209125 -15.9262295 -7.240066 
07:00:11:463
2.4995465 -5.104438 1.5610195 
07:00:11:513
2.9113493 -2.96881 2.336741 
07:00:11:563
1.2354081 -5.161899 -0.6991069 
07:00:11:613
1.5227122 -9.452309 0.30645782 
07:00:11:663
2.3750482 -7.422025 -2.4420857 
07:00:11:713
10.342952 -11.051635 -7.383718 
07:00:11:763
11.463438 -8.159439 4.156334 
07:00:11:813
4.4436383 -10.563218 0.5267244 
07:00:11:863
3.064578 -13.608643 3.217807 
07:00:11:913
3.0071173 -7.843405 3.074155 
07:00:11:963
4.5777135 -9.375694 0.6512229 
07:00:12:13
4.414908 -8.418014 0.22026655 
07:00:12:64
2.9975405 -5.2289367 0.45010993 
07:00:12:113
5.48751 -8.1881695 0.2681506 
07:00:12:164
9.011775 -10.553641 -1.9057846 
07:00:12:213
9.193734 -6.991069 -0.7086837 
07:00:12:263
7.9966335 -9.998186 0.15322891 
07:00:12:313
7.9104424 -9.548077 -0.34476504 
07:00:12:363
8.025364 -12.679692 -3.7062242 
07:00:12:413
4.606444 -15.064317 4.4244847 
07:00:12:463
6.751649 -13.22557 -9.672575 
07:00:12:513
1.4269443 -6.3111157 1.3790601 
07:00:12:563
3.3423057 -3.667917 0.82360536 
07:00:12:613
0.8619126 -5.21936 0.05746084 
07:00:12:663
1.0630256 -10.113108 -0.78529817 
07:00:12:714
2.0015526 -6.483498 -1.13964 
07:00:12:763
-18.598158 -15.859192 -19.412188 
07:00:12:814
12.354081 -9.346964 3.7062242 
07:00:12:863
3.1507695 -9.14585 -1.3120226 
07:00:12:914
5.2768207 -18.770542 7.0964136 
07:00:12:963
2.4420857 -7.249643 1.4748282 
07:00:13:14
3.8786068 -8.676587 0.81402856 
07:00:13:63
4.1371803 -8.599973 0.24899697 
07:00:13:113
2.5378537 -5.803545 0.12449849 
07:00:13:163
4.9703627 -8.628703 0.5554548 
07:00:13:213
7.642292 -10.563218 0.23942018 
07:00:13:263
7.086837 -7.422025 -0.641646 
07:00:13:313
7.651869 -9.184157 -0.30645782 
07:00:13:363
8.283937 -8.322245 0.2777274 
07:00:13:413
10.515334 -12.909535 -4.9416323 
07:00:13:463
5.0278234 -15.303738 -0.51714754 
07:00:13:526
6.694188 -13.972561 -4.654328 
07:00:13:563
1.541866 -7.3645644 -0.2873042 
07:00:13:613
2.9879637 -4.55856 1.685518 
07:00:13:663
2.7102363 -5.506664 -0.58418524 
07:00:13:713
1.0534488 -8.169016 0.45968673 
07:00:13:763
0.34476504 -6.9048777 -1.0630256 
07:00:13:813
4.596867 -8.101978 -3.3997664 
07:00:13:863
16.788143 -16.089035 -5.7748146 
07:00:13:913
7.9966335 -5.1906295 6.2249246 
07:00:13:963
-5.2385135 -16.749836 -17.353174 
07:00:14:26
3.514688 -9.442732 1.4652514 
07:00:14:64
4.280833 -8.954314 1.436521 
07:00:14:113
4.6351743 -8.408437 0.40222588 
07:00:14:164
3.4859576 -6.703765 0.7661445 
07:00:14:213
2.5474305 -6.3781533 -0.019153614 
07:00:14:264
6.2823853 -9.988609 0.8523358 
07:00:14:313
10.093954 -10.132261 -8.24563 
07:00:14:364
8.42759 -8.513782 1.5610195 
07:00:14:413
10.208876 -10.28549 0.37349546 
07:00:14:464
9.730036 -11.540052 -4.8362875 
07:00:14:526
5.3725886 -12.631808 -2.7964275 
07:00:14:564
6.2728086 -15.428236 4.10845 
07:00:14:613
7.517793 -15.227123 -9.461885 
07:00:14:663
3.265691 -4.951209 2.0973208 
07:00:14:713
3.5913026 -3.7924154 -0.2681506 
07:00:14:763
1.283292 -6.2728086 -0.49799395 
07:00:14:813
1.3503298 -8.513782 0.37349546 
07:00:14:863
3.4572272 -7.0006456 -3.1124623 
07:00:14:913
12.469003 -11.712435 -14.030022 
07:00:14:963
9.050082 -6.6175733 5.2289367 
07:00:15:25
3.4763808 -17.54471 -10.67814 
07:00:15:63
1.9440918 -10.831368 2.834735 
07:00:15:113
3.1124623 -6.291962 2.8634653 
07:00:15:163
4.8841715 -10.927136 1.091756 
07:00:15:213
4.7884035 -8.580819 0.32561144 
07:00:15:263
2.9113493 -5.861006 -0.545878 
07:00:15:313
5.3438582 -8.590396 -0.29688102 
07:00:15:363
6.4739213 -8.8777 -4.7884035 
07:00:15:413
7.6231384 -8.015787 0.22026655 
07:00:15:463
9.030929 -10.113108 -0.7086837 
07:00:15:526
9.873688 -9.3182335 0.37349546 
07:00:15:563
8.839393 -12.995727 -7.2592196 
07:00:15:613
5.3342814 -17.592594 -2.8921957 
07:00:15:663
3.620033 -15.246277 -2.9879637 
07:00:15:714
2.0207062 -8.00621 -0.37349546 
07:00:15:763
3.8881836 -4.367024 0.17238252 
07:00:15:814
2.815581 -4.7979803 -0.5650316 
07:00:15:863
0.5554548 -7.2783732 -1.2258313 
07:00:15:914
0.17238252 -6.8186865 -1.1204864 
07:00:15:963
8.379706 -10.927136 -3.7732618 
07:00:16:26
12.919112 -7.326257 3.0454245 
07:00:16:63
5.48751 -6.7229185 -1.3503298 
07:00:16:113
-2.183512 -19.239805 -12.0571995 
07:00:16:163
3.1411927 -7.680599 1.340753 
07:00:16:213
3.1986535 -8.2169 2.078167 
07:00:16:263
5.056554 -10.0748005 0.4309563 
07:00:16:313
3.8977604 -7.393295 0.23942018 
07:00:16:363
3.8594532 -6.8186865 0.33518824 
07:00:16:413
5.5737014 -9.155427 -0.6799533 
07:00:16:463
8.446744 -9.107543 -4.4340615 
07:00:16:526
7.240066 -8.169016 1.0151415 
07:00:16:564
8.542512 -10.295067 -0.6512229 
07:00:16:613
7.8529816 -9.653421 -0.11492168 
07:00:16:663
8.2169 -11.884817 -2.9783869 
07:00:16:713
4.3861775 -13.733141 1.1013328 
07:00:16:763
5.3342814 -13.177686 -0.92895025 
07:00:16:813
2.8634653 -8.283937 1.1779473 
07:00:16:863
5.3438582 -4.9895163 -0.63206923 
07:00:16:913
2.5570073 -4.9703627 0.90021986 
07:00:16:963
-0.18195933 -7.73806 -0.038307227 
07:00:17:26
2.327164 -8.169016 -3.1411927 
07:00:17:63
7.2113357 -9.461885 -5.841852 
07:00:17:113
15.792154 -14.853627 -4.357447 
07:00:17:163
6.167464 -5.085284 -0.58418524 
07:00:17:212
-1.0247183 -19.124884 -18.157625 
07:00:17:263
2.5474305 -9.279925 2.2697031 
07:00:17:313
2.8060043 -7.8146744 0.8714894 
07:00:17:363
4.903325 -9.835381 0.6512229 
07:00:17:413
2.7485435 -5.90889 0.92895025 
07:00:17:463
3.7924154 -7.1826053 0.45010993 
07:00:17:514
6.8569937 -10.457873 1.0534488 
07:00:17:563
10.151415 -7.728483 -6.167464 
07:00:17:613
7.52737 -7.575254 -0.34476504 
07:00:17:663
6.991069 -9.500193 1.2354081 
07:00:17:713
8.676587 -9.883265 0.93852705 
07:00:17:763
7.97748 -13.742718 -7.153875 
07:00:17:813
2.3175871 -15.456966 4.903325 
07:00:17:863
6.6750345 -12.229582 -9.021352 
07:00:17:913
2.930503 -6.6271505 2.3654714 
07:00:17:963
4.280833 -4.4436383 -0.47884035 
07:00:18:13
1.7046716 -5.104438 0.17238252 
07:00:18:64
0.32561144 -7.9008656 -0.11492168 
07:00:18:113
0.78529817 -7.6614456 -1.1300632 
07:00:18:164
19.172768 -15.313314 -19.412188 
07:00:18:213
11.60709 -8.7053175 6.943185 
07:00:18:264
4.271256 -13.417107 -14.834474 
07:00:18:313
2.5378537 -15.964537 6.8665705 
07:00:18:363
2.1068976 -7.201759 1.3790601 
07:00:18:413
3.4955344 -8.801085 0.60333884 
07:00:18:463
4.0222588 -9.337387 0.79487497 
07:00:18:513
2.432509 -5.9184666 0.35434186 
07:00:18:563
5.449203 -8.676587 0.009576807 
07:00:18:613
8.303091 -10.97502 0.17238252 
07:00:18:663
8.465898 -5.9184666 -2.920926 
07:00:18:713
9.308656 -8.590396 0.9768343 
07:00:18:763
8.446744 -9.030929 0.5267244 
07:00:18:813
10.515334 -14.317327 -3.2082303 
07:00:18:863
3.466804 -14.949395 1.2162545 
07:00:18:913
5.439626 -15.035586 3.2369606 
07:00:18:963
1.2545617 -8.734048 -0.7086837 
07:00:19:13
4.012682 -5.0757074 2.030283 
07:00:19:63
2.633622 -3.7253778 0.7565677 
07:00:19:113
1.8770541 -6.742072 -0.7182605 
07:00:19:163
0.49799395 -8.082825 -0.5650316 
07:00:19:213
4.31914 -8.580819 -3.5817258 
07:00:19:263
16.280571 -14.077906 -8.504205 
07:00:19:313
7.833828 -4.0701427 5.7748146 
07:00:19:363
-0.24899697 -20.005949 -12.650962 
07:00:19:413
2.8060043 -8.111555 1.6950948 
07:00:19:463
4.55856 -9.260772 1.3120226 
07:00:19:513
5.506664 -10.362105 0.49799395 
07:00:19:563
2.7389667 -5.7269306 0.08619126 
07:00:19:613
3.6296098 -7.632715 0.25857377 
07:00:19:663
6.301539 -10.237606 -1.2449849 
07:00:19:713
7.2687964 -8.418014 -0.641646 
07:00:19:763
9.184157 -9.021352 -0.19153613 
07:00:19:814
8.619126 -8.456321 0.8523358 
07:00:19:863
9.787497 -13.742718 -4.5394063 
07:00:19:914
6.301539 -12.966996 -4.4915223 
07:00:19:963
5.9280434 -15.705963 3.5625722 
07:00:20:14
3.8977604 -12.095507 -6.493075 
07:00:20:63
3.8019924 -5.094861 1.6950948 
07:00:20:114
4.213795 -3.8307228 -0.93852705 
07:00:20:163
1.7046716 -6.2632318 -0.21068975 
07:00:20:214
0.49799395 -7.1730285 0.16280572 
07:00:20:263
4.146757 -8.360553 -4.2521024 
07:00:20:313
15.495274 -14.001291 -17.496826 
07:00:20:363
9.394848 -5.133168 6.244078 
07:00:20:413
2.7389667 -6.2823853 -1.0055647 
07:00:20:463
4.4436383 -14.777013 6.6079965 
07:00:20:513
2.4133554 -7.690176 1.2066777 
07:00:20:563
4.510676 -8.7532015 0.90979666 
07:00:20:613
4.903325 -9.710882 0.11492168 
07:00:20:663
2.4037786 -5.7365074 0.12449849 
07:00:20:713
3.217807 -7.8912888 0.22026655 
07:00:20:763
6.6750345 -10.534488 0.6607997 
07:00:20:813
9.624691 -8.39886 -9.461885 
07:00:20:863
9.021352 -9.481039 0.34476504 
07:00:20:913
8.0445175 -8.360553 0.7565677 
07:00:20:963
11.137826 -14.202404 -2.2697031 
07:00:21:13
8.00621 -13.072341 -2.96881 
07:00:21:63
5.583278 -14.480132 3.3614593 
07:00:21:113
5.497087 -12.172121 -7.153875 
07:00:21:163
4.1276035 -5.1235914 1.7717092 
07:00:21:213
4.4436383 -3.7828386 0.10534488 
07:00:21:263
0.7086837 -6.5026517 -0.32561144 
07:00:21:313
0.4309563 -8.169016 -0.59376204 
07:00:21:362
4.5681367 -8.101978 -3.3518825 
07:00:21:413
14.5567465 -12.143391 -17.985243 
07:00:21:463
8.6574335 -6.943185 5.985504 
07:00:21:513
7.2113357 -14.259866 -0.38307226 
07:00:21:563
2.4612393 -9.548077 2.9879637 
07:00:21:613
2.8921957 -4.759673 2.7389667 
07:00:21:663
5.9184666 -11.18571 1.2449849 
07:00:21:713
3.9073372 -7.335834 -0.1340753 
07:00:21:763
3.0358477 -6.6367273 -0.02873042 
07:00:21:813
4.7500963 -9.490616 -0.17238252 
07:00:21:863
9.500193 -9.260772 -5.813122 
07:00:21:913
6.742072 -7.632715 1.3790601 
07:00:21:963
8.552089 -10.275913 -0.22026655 
07:00:22:13
8.073248 -8.504205 -0.41180268 
07:00:22:63
8.571242 -12.277467 -1.1300632 
07:00:22:113
5.046977 -13.8480625 -3.265691 
07:00:22:163
5.5641246 -15.533581 -0.076614454 
07:00:22:213
1.9153614 -9.107543 -0.8523358 
07:00:22:263
3.8594532 -3.7062242 1.9057846 
07:00:22:313
3.6774938 -4.3287168 -0.6895301 
07:00:22:363
1.0630256 -8.896853 -0.641646 
07:00:22:413
0.2873042 -8.121132 -0.38307226 
07:00:22:463
5.889736 -8.580819 -4.9799395 
07:00:22:513
20.293253 -13.9438305 -16.950949 
07:00:22:563
4.9416323 -5.4683566 1.7238252 
07:00:22:613
-4.050989 -17.372328 -19.412188 
07:00:22:663
3.1028855 -9.481039 3.0358477 
07:00:22:713
4.261679 -7.469909 2.5187001 
07:00:22:763
5.6120086 -9.222465 -0.1340753 
07:00:22:813
4.213795 -7.0581064 0.38307226 
07:00:22:863
2.7868507 -6.694188 -0.842759 
07:00:22:913
3.9743748 -9.557653 0.24899697 
07:00:22:963
10.084377 -10.189722 -7.642292 
07:00:23:13
7.192182 -8.082825 1.1109096 
07:00:23:63
9.232041 -9.835381 0.38307226 
07:00:23:113
8.389283 -8.513782 0.08619126 
07:00:23:163
8.360553 -12.248735 -0.8619126 
07:00:23:213
4.4915223 -16.376339 0.82360536 
07:00:23:263
7.07726 -13.40753 -8.0924015 
07:00:23:313
1.7717092 -6.9527617 1.3790601 
07:00:23:364
4.271256 -4.1371803 -0.24899697 
07:00:23:413
2.0207062 -4.6351743 0.6512229 
07:00:23:463
0.10534488 -8.130709 0.047884032 
07:00:23:513
0.7374141 -7.9391727 -0.8523358 
07:00:23:564
11.21444 -12.11466 -7.642292 
07:00:23:613
13.321339 -11.664551 -1.6759412 
07:00:23:663
3.821146 -5.659893 -0.89064306 
07:00:23:713
-0.8331822 -19.833567 -4.7884035 
07:00:23:763
2.4133554 -8.121132 0.90021986 
07:00:23:813
3.5913026 -8.992621 1.7429788 
07:00:23:863
3.6870706 -8.504205 0.22984336 
07:00:23:913
2.920926 -6.0238113 0.7278373 
07:00:23:963
3.6391866 -7.680599 0.35434186 
07:00:24:13
7.1347213 -11.099519 1.4556746 
07:00:24:63
8.686164 -6.9048777 -4.1180267 
07:00:24:113
8.66701 -7.1634517 0.8331822 
07:00:24:163
7.0964136 -8.810662 0.40222588 
07:00:24:213
8.1402855 -10.70687 -2.4229321 
07:00:24:263
4.951209 -11.377247 -1.2737153 
07:00:24:313
6.885724 -14.116213 4.912902 
07:00:24:363
4.1659107 -10.409989 -2.135628 
07:00:24:413
4.3382936 -5.1140146 1.4556746 
07:00:24:463
4.2521024 -3.5051112 0.038307227 
07:00:24:514
1.5610195 -5.363012 -0.34476504 
07:00:24:563
-0.20111294 -7.086837 -0.12449849 
07:00:24:614
2.336741 -9.375694 -2.0685902 
07:00:24:663
19.709068 -13.934254 -19.412188 
07:00:24:714
9.77792 -6.531382 4.5777135 
07:00:24:763
3.9456444 -11.597513 -1.0630256 
07:00:24:814
3.1890767 -15.840038 4.1180267 
07:00:24:863
3.41892 -8.054094 1.6567876 
07:00:24:914
4.357447 -9.212888 0.35434186 
07:00:24:963
4.453215 -8.7053175 0.24899697 
07:00:25:13
2.4516625 -5.6215854 -0.02873042 
07:00:25:63
4.548983 -8.561666 0.36391866 
07:00:25:113
7.517793 -10.754754 -0.24899697 
07:00:25:163
7.374141 -6.0525417 -0.80445176 
07:00:25:213
8.485051 -7.297527 0.48841715 
07:00:25:263
8.207323 -8.916007 0.5267244 
07:00:25:313
9.873688 -11.262324 -1.3982137 
07:00:25:363
5.142745 -12.191275 -2.2984335 
07:00:25:413
5.765238 -14.920665 3.5529952 
07:00:25:463
4.31914 -11.530476 -4.232949 
07:00:25:513
3.7828386 -5.544971 2.7102363 
07:00:25:564
3.2369606 -2.566584 0.1340753 
07:00:25:616
1.6184803 -4.606444 -0.12449849 
07:00:25:663
0.36391866 -8.8777 0.1340753 
07:00:25:713
1.1587936 -9.720459 -2.4229321 
07:00:25:763
20.484789 -14.930242 -19.412188 
07:00:25:812
10.850522 -6.4260373 5.554548 
07:00:25:863
2.5378537 -12.53604 -10.141838 
07:00:25:913
5.9280434 -16.864758 8.178593 
07:00:25:963
3.1986535 -6.646304 2.0015526 
07:00:26:13
4.999093 -9.557653 0.78529817 
07:00:26:63
4.711789 -8.169016 0.29688102 
07:00:26:113
2.2122424 -5.1810527 0.2873042 
07:00:26:163
4.817134 -8.90643 0.11492168 
07:00:26:213
8.542512 -10.6877165 -2.6431987 
07:00:26:263
7.8912888 -6.847417 1.0151415 
07:00:26:313
8.734048 -8.513782 0.45968673 
07:00:26:363
7.651869 -9.184157 -0.20111294 
07:00:26:413
6.5505357 -13.378799 -7.651869 
07:00:26:463
3.667917 -15.246277 1.9536686 
07:00:26:513
5.056554 -14.5759 0.5363012 
07:00:26:563
3.3806129 -6.3589997 2.6527755 
07:00:26:613
4.185065 -3.9073372 2.4037786 
07:00:26:663
1.8866309 -4.2042184 -0.047884032 
07:00:26:713
0.7278373 -7.144298 -0.21068975 
07:00:26:763
1.1971009 -9.251195 -1.6950948 
07:00:26:813
7.1155677 -10.084377 -5.45878 
07:00:26:863
13.244724 -8.523358 7.4603324 
07:00:26:913
3.1603463 -3.371036 0.7469909 
07:00:26:963
4.9895163 -18.119318 7.1155677 
07:00:27:13
2.6431987 -8.169016 2.681506 
07:00:27:63
4.1276035 -9.097966 0.8619126 
07:00:27:113
5.2959743 -9.883265 0.5554548 
07:00:27:163
2.6431987 -5.046977 0.545878 
07:00:27:213
4.548983 -7.249643 0.36391866 
07:00:27:263
8.178593 -10.726024 -2.2984335 
07:00:27:313
7.5848308 -7.8050976 -0.6703765 
07:00:27:363
8.389283 -9.011775 -0.45010993 
07:00:27:413
8.791509 -9.375694 0.39264908 
07:00:27:463
10.0269165 -13.40753 -5.257667 
07:00:27:513
6.6750345 -13.809755 -3.3039982 
07:00:27:563
5.4779334 -15.284584 3.8786068 
07:00:27:613
3.2944214 -10.994174 -6.83784 
07:00:27:663
2.920926 -4.453215 1.7717092 
07:00:27:713
4.510676 -3.4859576 0.7469909 
07:00:27:763
0.5650316 -7.2592196 -0.23942018 
07:00:27:813
1.2066777 -9.097966 -0.58418524 
07:00:27:863
3.8402996 -6.943185 -4.951209 
07:00:27:913
-18.598158 -16.424223 -19.412188 
07:00:27:963
8.073248 -5.497087 5.5258174 
07:00:28:13
-0.9576807 -15.619772 -19.412188 
07:00:28:63
3.7253778 -8.820239 3.371036 
07:00:28:114
3.6104562 -8.283937 2.1547816 
07:00:28:163
5.085284 -8.695741 1.0630256 
07:00:28:214
3.1890767 -6.694188 0.38307226 
07:00:28:263
2.5570073 -6.1770406 -0.49799395 
07:00:28:314
5.631162 -9.9790325 0.08619126 
07:00:28:363
10.1226845 -8.6095495 -19.412188 
07:00:28:414
7.019799 -6.7324953 2.4037786 
07:00:28:463
9.643845 -10.247183 0.45968673 
07:00:28:513
8.839393 -9.758766 -0.62249243 
07:00:28:563
7.335834 -13.273455 -2.087744 
07:00:28:613
3.763685 -15.361198 2.0590134 
07:00:28:663
6.5601125 -12.698846 -9.241618 
07:00:28:713
1.1683705 -6.6846113 1.6472107 
07:00:28:763
5.104438 -4.213795 -0.20111294 
07:00:28:813
2.2122424 -4.55856 0.641646 
07:00:28:863
0.6607997 -7.642292 -0.4213795 
07:00:28:913
0.92895025 -8.283937 -0.80445176 
07:00:28:963
12.440272 -12.698846 -8.983045 
07:00:29:13
13.666103 -11.262324 -0.78529817 
07:00:29:63
3.5625722 -9.835381 -1.6663644 
07:00:29:113
0.39264908 -19.958065 -1.2162545 
07:00:29:163
3.0262709 -7.0581064 2.3175871 
07:00:29:213
3.4476504 -7.9966335 0.7469909 
07:00:29:263
4.76925 -8.599973 0.60333884 
07:00:29:313
2.0590134 -4.673482 0.23942018 
07:00:29:363
5.363012 -8.801085 0.7469909 
07:00:29:413
6.8761473 -11.089942 0.45968673 
07:00:29:463
10.036493 -9.088389 -2.2984335 
07:00:29:513
7.699753 -7.9104424 2.8443117 
07:00:29:563
8.0924015 -8.734048 0.48841715 
07:00:29:613
10.180145 -12.890382 -2.4995465 
07:00:29:663
4.7500963 -14.891934 -1.9919758 
07:00:29:713
6.301539 -15.648502 2.7868507 
07:00:29:763
2.3654714 -8.101978 -4.0797195 
07:00:29:813
2.432509 -4.501099 2.0590134 
07:00:29:863
3.5051112 -3.4859576 2.0015526 
07:00:29:913
1.484405 -6.895301 -0.4309563 
07:00:29:963
1.1875241 -8.418014 -0.7086837 
07:00:30:13
3.5338416 -7.297527 -3.5242648 
07:00:30:64
17.429789 -14.5567465 -10.0269165 
07:00:30:113
10.04607 -6.493075 5.995081 
07:00:30:164
-4.7979803 -19.009962 -14.422671 
07:00:30:213
2.4133554 -9.77792 4.3478703 
07:00:30:264
3.0550013 -9.232041 1.6184803 
07:00:30:313
4.5681367 -10.352529 0.90021986 
07:00:30:364
2.920926 -5.363012 0.39264908 
07:00:30:413
3.323152 -6.1387334 -0.40222588 
07:00:30:463
6.493075 -10.898406 0.7086837 
07:00:30:513
9.80665 -9.069236 -14.135366 
07:00:30:563
7.690176 -7.5944076 1.3215994 
07:00:30:613
9.950302 -9.730036 1.5801731 
07:00:30:663
9.107543 -10.7356 -2.030283 
07:00:30:713
7.7093296 -14.5567465 -1.1300632 
07:00:30:763
5.8705826 -15.370775 2.834735 
07:00:30:813
4.175488 -15.485697 -4.6830587 
07:00:30:863
2.5378537 -5.851429 1.3024458 
07:00:30:913
3.620033 -3.0933087 2.8538885 
07:00:30:962
3.1603463 -5.66947 -6.397307 
07:00:31:13
1.3790601 -7.9870567 0.8810662 
07:00:31:63
2.5378537 -8.571242 -1.9249382 
07:00:31:113
13.254301 -12.698846 -16.721106 
07:00:31:163
11.204864 -5.90889 4.654328 
07:00:31:213
2.384625 -6.83784 -0.32561144 
07:00:31:263
4.8267107 -15.303738 6.9240313 
07:00:31:312
2.336741 -7.8529816 2.4037786 
07:00:31:363
4.5298295 -9.490616 0.06703765 
07:00:31:413
4.6255975 -8.8777 -0.019153614 
07:00:31:463
1.7046716 -4.9895163 0.038307227 
07:00:31:513
3.7541082 -7.73806 0.36391866 
07:00:31:563
7.603985 -11.166556 1.5131354 
07:00:31:613
9.270349 -7.9104424 -8.130709 
07:00:31:662
8.619126 -9.634268 0.6512229 
07:00:31:713
8.130709 -9.097966 0.45010993 
07:00:31:764
8.619126 -14.231135 -9.873688 
07:00:31:813
6.090849 -12.650962 -1.8866309 
07:00:31:864
6.4547677 -15.8304615 1.7142484 
07:00:31:913
5.1140146 -10.505757 -6.2345014 
07:00:31:964
3.4572272 -4.2904096 1.9057846 
07:00:32:13
4.4340615 -3.2752678 1.6567876 
07:00:32:64
1.3024458 -6.2632318 0.30645782 
07:00:32:113
0.7086837 -8.446744 -0.10534488 
07:00:32:163
5.3438582 -8.963891 -5.985504 
07:00:32:213
19.239805 -13.88637 -17.353174 
07:00:32:263
6.655881 -4.261679 2.7964275 
07:00:32:313
0.20111294 -16.883911 -19.40261 
07:00:32:363
2.6623523 -9.078813 3.5338416 
07:00:32:413
2.432509 -8.504205 1.5610195 
07:00:32:463
4.185065 -9.509769 0.1340753 
07:00:32:513
3.41892 -6.742072 0.6512229 
07:00:32:563
3.821146 -6.579266 -0.08619126 
07:00:32:613
5.659893 -9.519346 0.8331822 
07:00:32:663
6.789956 -9.643845 -0.545878 
07:00:32:714
9.56723 -9.80665 -0.36391866 
07:00:32:763
9.212888 -8.619126 2.5378537 
07:00:32:814
8.523358 -8.925584 0.5746084 
07:00:32:863
7.326257 -13.570335 -3.1794999 
07:00:32:913
3.4284968 -14.231135 -0.91937345 
07:00:32:963
3.8307228 -14.058752 -1.0151415 
07:00:33:13
1.3599066 -8.24563 -1.8962077 
07:00:33:63
3.9552212 -4.0701427 2.1739352 
07:00:33:113
3.7828386 -4.0222588 0.29688102 
07:00:33:163
1.0151415 -6.6750345 1.1204864 
07:00:33:213
1.7908629 -8.101978 -0.1436521 
07:00:33:263
9.56723 -10.898406 -8.1881695 
07:00:33:313
15.342045 -14.259866 -2.4420857 
07:00:33:363
3.1028855 -4.9895163 -0.6799533 
07:00:33:426
-0.8523358 -20.168755 -15.466543 
07:00:33:466
2.5761611 -6.339846 2.2505496 
07:00:33:512
3.620033 -7.929596 1.7525556 
07:00:33:563
3.5625722 -8.916007 -0.22984336 
07:00:33:614
1.733402 -5.592855 -0.06703765 
07:00:33:663
3.6296098 -9.490616 1.9728222 
07:00:33:714
6.9527617 -11.252748 0.7661445 
07:00:33:763
7.441179 -7.0485296 -1.532289 
07:00:33:814
9.77792 -8.916007 2.1547816 
07:00:33:863
8.207323 -8.571242 -0.7374141 
07:00:33:913
9.030929 -14.662091 -7.642292 
07:00:33:963
3.9264908 -13.503298 -2.8538885 
07:00:34:13
6.1004257 -15.935806 1.8770541 
07:00:34:63
2.7102363 -8.571242 -2.3558946 
07:00:34:113
4.003105 -5.3247046 2.5091233 
07:00:34:163
4.9799395 -3.8977604 -2.9017725 
07:00:34:213
1.6759412 -5.535394 0.22984336 
07:00:34:263
1.0151415 -8.791509 -0.10534488 
07:00:34:313
2.930503 -8.101978 -3.7541082 
07:00:34:363
17.468096 -13.876793 -13.694834 
07:00:34:413
9.586384 -5.631162 6.0238113 
07:00:34:463
2.4133554 -20.168755 -19.412188 
07:00:34:513
2.6144683 -11.224017 4.9895163 
07:00:34:563
3.2465374 -8.7053175 2.3080103 
07:00:34:613
4.501099 -11.18571 1.3311762 
07:00:34:663
3.3518825 -7.019799 0.45010993 
07:00:34:713
2.5091233 -5.535394 0.31603462 
07:00:34:763
4.9895163 -9.749189 -0.047884032 
07:00:34:813
7.9104424 -11.473015 -0.019153614 
07:00:34:863
5.803545 -6.253655 0.842759 
07:00:34:913
7.9008656 -8.331821 1.6759412 
07:00:34:963
9.461885 -9.14585 0.0 
07:00:35:13
9.615114 -12.928689 -3.2273839 
07:00:35:63
3.3135753 -12.909535 0.40222588 
07:00:35:113
6.397307 -15.993267 0.019153614 
07:00:35:163
3.964798 -9.078813 -3.2752678 
07:00:35:213
3.5529952 -5.93762 0.91937345 
07:00:35:263
3.620033 -3.916914 -0.46926352 
07:00:35:313
2.0973208 -7.326257 -0.095768064 
07:00:35:363
0.24899697 -7.393295 -0.47884035 
07:00:35:413
1.9728222 -7.6710224 -2.0494366 
07:00:35:463
19.833567 -13.733141 -19.412188 
07:00:35:513
12.392388 -7.73806 3.2082303 
07:00:35:564
5.5162406 -10.764331 0.45010993 
07:00:35:613
-5.085284 -19.04827 -15.303738 
07:00:35:663
4.9703627 -8.283937 1.6472107 
07:00:35:713
6.0525417 -9.816227 2.0398598 
07:00:35:763
2.1164744 -9.193734 -4.9703627 
07:00:35:813
-0.45968673 -6.9144545 -3.4859576 
07:00:35:863
-0.20111294 -7.374141 -0.7374141 
07:00:35:913
3.2752678 -11.444284 -0.2873042 
07:00:35:963
2.0494366 -10.840945 -0.5746084 
07:00:36:13
3.1124623 -9.442732 -2.873042 
07:00:36:63
12.018892 -5.6886234 -0.22984336 
07:00:36:113
9.078813 -11.894394 -6.042965 
07:00:36:163
2.2984335 -13.359646 -2.5953147 
07:00:36:213
1.5993267 -12.899959 -0.038307227 
07:00:36:263
3.0262709 -10.802638 -19.220652 
07:00:36:313
4.8937483 -12.459426 2.8921957 
07:00:36:363
5.0374002 -9.500193 -2.5570073 
07:00:36:413
1.4556746 -8.360553 -0.49799395 
07:00:36:463
2.3558946 -6.8091097 -0.8619126 
07:00:36:513
-0.17238252 -6.8186865 -3.0262709 
07:00:36:563
2.0590134 -8.418014 -3.715801 
07:00:36:614
1.1779473 -8.954314 -3.8786068 
07:00:36:663
3.4955344 -9.911995 -11.195287 
07:00:36:714
5.592855 -9.232041 -6.8761473 
07:00:36:763
1.0342951 -15.016433 -0.92895025 
07:00:36:814
3.5529952 -11.262324 3.4380736 
07:00:36:863
2.2984335 -8.8777 -4.0414124 
07:00:36:914
5.0757074 -9.864111 -0.047884032 
07:00:36:963
1.8483237 -10.67814 -1.091756 
07:00:37:14
0.62249243 -11.473015 2.0685902 
07:00:37:63
3.2369606 -9.749189 -1.9728222 
07:00:37:113
2.5187001 -9.279925 1.934515 
07:00:37:163
4.6255975 -10.496181 -0.20111294 
07:00:37:213
5.104438 -11.827356 -1.2162545 
07:00:37:263
6.1866174 -13.215993 -1.484405 
07:00:37:313
5.1810527 -14.633361 -1.4077905 
07:00:37:363
2.5187001 -11.789049 1.6759412 
07:00:37:413
2.9975405 -10.553641 3.5625722 
07:00:37:463
2.5378537 -8.580819 -1.8770541 
07:00:37:513
3.620033 -7.73806 -4.9320555 
07:00:37:563
4.367024 -8.552089 1.7238252 
07:00:37:613
6.742072 -10.764331 0.33518824 
07:00:37:663
4.9224787 -10.160992 -0.48841715 
07:00:37:713
9.107543 -8.7053175 -2.585738 
07:00:37:763
10.189722 -4.213795 -5.9184666 
07:00:37:813
15.045163 -3.3423057 -4.6926355 
07:00:37:863
16.893488 -5.48751 -4.0797195 
07:00:37:913
14.748282 -7.642292 -2.030283 
07:00:37:963
10.093954 -7.240066 -1.091756 
07:00:38:13
7.0581064 -6.3685765 2.087744 
07:00:38:63
9.442732 -5.506664 1.5897499 
07:00:38:112
6.3111157 -3.1986535 1.0055647 
07:00:38:163
3.083732 -1.2354081 4.7500963 
07:00:38:214
3.763685 -0.19153613 5.267244 
07:00:38:263
1.9153614 0.61291564 9.509769 
07:00:38:314
1.2258313 1.9536686 9.174581 
07:00:38:363
4.8841715 3.5242648 4.721366 
07:00:38:413
3.074155 3.8115692 7.029376 
07:00:38:463
1.8004397 4.2042184 9.701305 
07:00:38:513
3.3039982 4.4819455 9.002198 
07:00:38:563
2.72939 4.4244847 8.408437 
07:00:38:613
3.5338416 4.050989 8.37013 
07:00:38:663
2.719813 4.501099 9.050082 
07:00:38:713
3.4284968 4.2904096 8.743625 
07:00:38:763
4.0222588 4.0318356 6.0238113 
07:00:38:814
3.9839516 3.8115692 8.714894 
07:00:38:863
4.10845 3.8594532 9.059659 
Fri Feb 21 06:53:27 GMT+08:00 2014
